Matrix von Pos1.bmp mit Pos1.bmp

ans =

     1     0     0
     0     1     0
     0     0     1

Matrix von Pos1.bmp mit Pos2.bmp

ans =

    1.0000   -0.0007         0
    0.0007    1.0000         0
   -4.9556    0.2880    1.0000

Matrix von Pos1.bmp mit Pos3.bmp

ans =

    1.0000    0.0032         0
   -0.0032    1.0000         0
  -13.7346   -1.2238    1.0000

Matrix von Pos1.bmp mit Pos4.bmp

ans =

    1.0000    0.0083         0
   -0.0083    1.0000         0
  -19.3526   -0.9962    1.0000

Matrix von Pos1.bmp mit Pos5.bmp

ans =

    1.0000    0.0085         0
   -0.0085    1.0000         0
  -26.1287   -2.6752    1.0000

Matrix von Pos2.bmp mit Pos1.bmp

ans =

    1.0000    0.0007         0
   -0.0007    1.0000         0
    4.9454   -0.3070    1.0000

Matrix von Pos2.bmp mit Pos2.bmp

ans =

     1     0     0
     0     1     0
     0     0     1

Matrix von Pos2.bmp mit Pos3.bmp

ans =

    1.0000    0.0043         0
   -0.0043    1.0000         0
   -8.7648   -1.7165    1.0000

Matrix von Pos2.bmp mit Pos4.bmp

ans =

    0.9999    0.0107         0
   -0.0107    0.9999         0
  -14.2381   -1.8026    1.0000

Matrix von Pos2.bmp mit Pos5.bmp

ans =

    0.9999    0.0113         0
   -0.0113    0.9999         0
  -21.8076   -3.5848    1.0000

Matrix von Pos3.bmp mit Pos1.bmp

ans =

    1.0000   -0.0031         0
    0.0031    1.0000         0
   14.0042    1.1773    1.0000

Matrix von Pos3.bmp mit Pos2.bmp

ans =

    1.0000   -0.0044         0
    0.0044    1.0000         0
    8.7855    1.7036    1.0000

Matrix von Pos3.bmp mit Pos3.bmp

ans =

     1     0     0
     0     1     0
     0     0     1

Matrix von Pos3.bmp mit Pos4.bmp

ans =

    1.0000    0.0068         0
   -0.0068    1.0000         0
   -5.3855   -0.2147    1.0000

Matrix von Pos3.bmp mit Pos5.bmp

ans =

    1.0000    0.0084         0
   -0.0084    1.0000         0
  -12.2521   -2.2395    1.0000

Matrix von Pos4.bmp mit Pos1.bmp

ans =

    1.0000   -0.0078         0
    0.0078    1.0000         0
   19.7234    0.6719    1.0000

Matrix von Pos4.bmp mit Pos2.bmp

ans =

    0.9999   -0.0106         0
    0.0106    0.9999         0
   14.2522    1.6259    1.0000

Matrix von Pos4.bmp mit Pos3.bmp

ans =

    1.0000   -0.0069         0
    0.0069    1.0000         0
    5.3752    0.2015    1.0000

Matrix von Pos4.bmp mit Pos4.bmp

ans =

     1     0     0
     0     1     0
     0     0     1

Matrix von Pos4.bmp mit Pos5.bmp

ans =

    1.0000    0.0024         0
   -0.0024    1.0000         0
   -6.9980   -2.2141    1.0000

Matrix von Pos5.bmp mit Pos1.bmp

ans =

    1.0000   -0.0088         0
    0.0088    1.0000         0
   26.5383    2.4823    1.0000

Matrix von Pos5.bmp mit Pos2.bmp

ans =

    0.9999   -0.0116         0
    0.0116    0.9999         0
   21.8391    3.3985    1.0000

Matrix von Pos5.bmp mit Pos3.bmp

ans =

    1.0000   -0.0079         0
    0.0079    1.0000         0
   12.4637    1.9638    1.0000

Matrix von Pos5.bmp mit Pos4.bmp

ans =

    1.0000   -0.0022         0
    0.0022    1.0000         0
    7.0418    2.1285    1.0000

Matrix von Pos5.bmp mit Pos5.bmp

ans =

     1     0     0
     0     1     0
     0     0     1

>> 
