Matrix von 1_und_1_mit_5.bmp mit 1_und_1_mit_5.bmp

ans =

     1     0     0
     0     1     0
     0     0     1

Matrix von 1_und_1_mit_5.bmp mit 3_mit_1.bmp

ans =

    1.0000         0         0
         0    1.0000         0
  320.0394    0.0606    1.0000

Matrix von 1_und_1_mit_5.bmp mit Pos1.bmp

ans =

    1.0000         0         0
         0    1.0000         0
  411.9274   53.8113    1.0000

Matrix von 1_und_1_mit_5.bmp mit Pos2.bmp

ans =

    1.0000         0         0
         0    1.0000         0
  411.8706   55.8135    1.0000

Matrix von 1_und_1_mit_5.bmp mit Pos3.bmp

ans =

    1.0000         0         0
         0    1.0000         0
  411.8228   52.7627    1.0000

Matrix von 1_und_1_mit_5.bmp mit Pos4.bmp

ans =

    1.0000         0         0
         0    1.0000         0
  411.8893   52.7101    1.0000

Matrix von 1_und_1_mit_5.bmp mit Pos5.bmp

ans =

    1.0000         0         0
         0    1.0000         0
  411.9729   52.7524    1.0000

Matrix von 3_mit_1.bmp mit 1_und_1_mit_5.bmp

ans =

    1.0000         0         0
         0    1.0000         0
 -323.2474   -0.0372    1.0000

Matrix von 3_mit_1.bmp mit 3_mit_1.bmp

ans =

     1     0     0
     0     1     0
     0     0     1

Matrix von 3_mit_1.bmp mit Pos1.bmp

ans =

    1.0000         0         0
         0    1.0000         0
  106.6960   31.3376    1.0000

Matrix von 3_mit_1.bmp mit Pos2.bmp

ans =

    1.0000         0         0
         0    1.0000         0
  101.8255   31.4138    1.0000

Matrix von 3_mit_1.bmp mit Pos3.bmp

ans =

    1.0000         0         0
         0    1.0000         0
   92.0068   30.9906    1.0000

Matrix von 3_mit_1.bmp mit Pos4.bmp

ans =

    1.0000         0         0
         0    1.0000         0
   85.3448   32.7080    1.0000

Matrix von 3_mit_1.bmp mit Pos5.bmp

ans =

    1.0000         0         0
         0    1.0000         0
   79.9834   30.9775    1.0000

Matrix von Pos1.bmp mit 1_und_1_mit_5.bmp

ans =

    1.0000         0         0
         0    1.0000         0
 -412.0155  -31.8343    1.0000

Matrix von Pos1.bmp mit 3_mit_1.bmp

ans =

    1.0000         0         0
         0    1.0000         0
 -105.3243  -31.3109    1.0000

Matrix von Pos1.bmp mit Pos1.bmp

ans =

     1     0     0
     0     1     0
     0     0     1

Matrix von Pos1.bmp mit Pos2.bmp

ans =

    1.0000         0         0
         0    1.0000         0
   -4.8329    0.1065    1.0000

Matrix von Pos1.bmp mit Pos3.bmp

ans =

    1.0000         0         0
         0    1.0000         0
  -14.7942   -0.3314    1.0000

Matrix von Pos1.bmp mit Pos4.bmp

ans =

    1.0000         0         0
         0    1.0000         0
  -19.9738    1.0932    1.0000

Matrix von Pos1.bmp mit Pos5.bmp

ans =

    1.0000         0         0
         0    1.0000         0
  -27.9518   -0.2742    1.0000

Matrix von Pos2.bmp mit 1_und_1_mit_5.bmp

ans =

    1.0000         0         0
         0    1.0000         0
 -412.0665  -31.8687    1.0000

Matrix von Pos2.bmp mit 3_mit_1.bmp

ans =

    1.0000         0         0
         0    1.0000         0
 -101.0514  -31.3972    1.0000

Matrix von Pos2.bmp mit Pos1.bmp

ans =

    1.0000         0         0
         0    1.0000         0
    4.8251   -0.1209    1.0000

Matrix von Pos2.bmp mit Pos2.bmp

ans =

     1     0     0
     0     1     0
     0     0     1

Matrix von Pos2.bmp mit Pos3.bmp

ans =

    1.0000         0         0
         0    1.0000         0
   -9.6918   -0.6047    1.0000

Matrix von Pos2.bmp mit Pos4.bmp

ans =

    1.0000         0         0
         0    1.0000         0
  -15.8710    0.9802    1.0000

Matrix von Pos2.bmp mit Pos5.bmp

ans =

    1.0000         0         0
         0    1.0000         0
  -23.9163   -0.3624    1.0000

Matrix von Pos3.bmp mit 1_und_1_mit_5.bmp

ans =

    1.0000         0         0
         0    1.0000         0
 -412.1191  -32.7649    1.0000

Matrix von Pos3.bmp mit 3_mit_1.bmp

ans =

    1.0000         0         0
         0    1.0000         0
  -91.9847  -30.9779    1.0000

Matrix von Pos3.bmp mit Pos1.bmp

ans =

    1.0000         0         0
         0    1.0000         0
   14.8111    0.3449    1.0000

Matrix von Pos3.bmp mit Pos2.bmp

ans =

    1.0000         0         0
         0    1.0000         0
    9.7127    0.6039    1.0000

Matrix von Pos3.bmp mit Pos3.bmp

ans =

     1     0     0
     0     1     0
     0     0     1

Matrix von Pos3.bmp mit Pos4.bmp

ans =

    1.0000         0         0
         0    1.0000         0
   -6.1601    1.6273    1.0000

Matrix von Pos3.bmp mit Pos5.bmp

ans =

    1.0000         0         0
         0    1.0000         0
  -13.7562   -0.0416    1.0000

Matrix von Pos4.bmp mit 1_und_1_mit_5.bmp

ans =

    1.0000         0         0
         0    1.0000         0
 -412.0626  -33.7718    1.0000

Matrix von Pos4.bmp mit 3_mit_1.bmp

ans =

    1.0000         0         0
         0    1.0000         0
  -88.0743  -32.2621    1.0000

Matrix von Pos4.bmp mit Pos1.bmp

ans =

    1.0000         0         0
         0    1.0000         0
   21.7674   -1.1602    1.0000

Matrix von Pos4.bmp mit Pos2.bmp

ans =

    1.0000         0         0
         0    1.0000         0
   15.8723   -0.9965    1.0000

Matrix von Pos4.bmp mit Pos3.bmp

ans =

    1.0000         0         0
         0    1.0000         0
    6.1595   -1.6327    1.0000

Matrix von Pos4.bmp mit Pos4.bmp

ans =

     1     0     0
     0     1     0
     0     0     1

Matrix von Pos4.bmp mit Pos5.bmp

ans =

    1.0000         0         0
         0    1.0000         0
   -7.5637   -1.5884    1.0000

Matrix von Pos5.bmp mit 1_und_1_mit_5.bmp

ans =

    1.0000         0         0
         0    1.0000         0
 -412.0654  -32.7621    1.0000

Matrix von Pos5.bmp mit 3_mit_1.bmp

ans =

    1.0000         0         0
         0    1.0000         0
  -84.6091  -30.9546    1.0000

Matrix von Pos5.bmp mit Pos1.bmp

ans =

    1.0000         0         0
         0    1.0000         0
   27.9325    0.2704    1.0000

Matrix von Pos5.bmp mit Pos2.bmp

ans =

    1.0000         0         0
         0    1.0000         0
   23.8866    0.3340    1.0000

Matrix von Pos5.bmp mit Pos3.bmp

ans =

    1.0000         0         0
         0    1.0000         0
   13.7602    0.0281    1.0000

Matrix von Pos5.bmp mit Pos4.bmp

ans =

    1.0000         0         0
         0    1.0000         0
    7.5680    1.5803    1.0000

Matrix von Pos5.bmp mit Pos5.bmp

ans =

     1     0     0
     0     1     0
     0     0     1